4
42 32 32 35 45 45 35 45 45 35 32 32 42 32 32 42 32 32 32 32 32 32 32 32 32 32 124 32 32 32 32 32 32 32 32 32 32 32 32 32 32 32 32 124 32 32 32 32 32 32 32 42 32 32 42 32 32 42 32 32 35 32 32 42 32 32 35 32 32 32 32 32 32 32 32 32 32 124 32 32 32 32 32 124 32 32 32 32 32 32 32 32 32 32 124 32 32 32 32 32 124 32 42 32 32 42 32 32 35 45 45 35 32 32 42 32 32 35 32 32 32 32 32 32 32 124 32 32 124 32 32 32 32 32 32 32 32 32 32 32 32 32 124 32 32 124 32 32 32 32 32 32 32 35 45 45 35 45 45 35 45 45 35 45 45 35 45 45 35 32 32 32 32 32 32 32 32 32 32 32 32 32 32 32 32 32 32 32 32 32 32 32 32 32 32 32 32 32 32 32 32 32 32 32 35 45 45 35 45 45 35 45 45 35 45 45 35 45 45 35 32 124 32 32 124 32 32 124 32 32 32 32 32 32 32 32 32 32 124 32 32 124 32 32 124 32 32 32 32 32 32 32 32 32 32 35 45 45 35 45 45 35 32 32 35 45 45 35 45 45 35 32 
25
3 12 12 15 12 12 12 12 15 12 6 15 6 12 3 15 6 9 9 0 9 0 9 0 9 6 12 12 15 15 15 12 15 15 12 9 15 6 12 6 15 9 9 9 3 9 0 9 0 9 15 0 3 0 3 0 6 6 3 9 6 9 6 12 9 12 9 6 0 9 3 6 9 3 12 15 3 6 3 3 0 9 6 6 12 6 12 9 15 9 15 9 9 3 9 6 9 12 6 15 2 3 4 5 6 7 7 8 9 9 10 11 2 3 4 5 2 3 3 2 3 4 5 6 7 
3
12 12 6 0 3 6 
42 32 32 42 60 32 42 32 32 42 32 32 42 32 32 42 32 32 32 32 32 32 32 32 32 32 32 32 32 32 32 32 32 32 32 32 32 32 32 32 32 32 32 32 32 32 32 32 32 32 32 42 32 32 42 32 32 42 32 32 42 32 32 42 32 32 42 32 32 32 32 32 32 32 32 32 32 32 32 32 32 32 32 32 32 32 32 32 32 32 32 32 32 32 32 32 32 32 32 32 32 32 42 32 32 42 32 32 42 32 32 42 32 32 42 32 32 42 32 32 32 32 32 32 32 32 32 32 32 32 32 32 32 32 32 32 32 32 32 32 32 32 32 32 32 32 32 32 32 32 32 32 32 42 32 32 42 32 32 42 32 32 42 32 32 42 32 32 42 32 32 32 32 32 32 32 32 32 32 32 32 32 32 32 32 32 32 32 32 32 32 32 32 32 32 32 32 32 32 32 32 32 32 32 42 32 32 42 32 32 42 32 32 42 32 32 42 32 32 42 32 32 32 32 32 32 32 32 32 32 32 32 32 32 32 32 32 32 32 32 32 32 32 32 32 32 32 32 32 32 32 32 32 32 32 42 32 32 42 32 32 42 32 32 42 32 32 42 32 32 42 32 
2 2 2 
4
0
0
3
87374
11
14
35
jhgf