3
42 32 32 42 32 32 42 32 32 42 32 32 42 32 32 35 32 32 32 32 32 32 32 32 32 32 32 32 32 32 32 32 124 32 32 32 32 32 32 32 32 32 32 32 32 32 32 32 32 124 32 42 32 32 42 32 32 42 32 32 42 32 32 42 32 32 35 32 32 32 32 32 32 32 32 32 32 32 32 32 32 32 32 124 32 32 32 32 32 32 32 32 32 32 32 32 32 32 32 32 124 32 42 32 32 42 32 32 42 32 32 42 32 32 35 45 45 35 32 32 32 32 32 32 32 32 32 32 32 32 32 124 32 32 124 32 32 32 32 32 32 32 32 32 32 32 32 32 124 32 32 124 32 42 32 32 42 32 32 42 32 32 42 32 32 35 45 45 35 32 32 32 32 32 32 32 32 32 32 32 32 32 32 32 32 32 32 32 32 32 32 32 32 32 32 32 32 32 32 32 32 32 32 32 42 32 32 42 32 32 42 32 32 42 32 32 42 32 32 42 32 32 32 32 32 32 32 32 32 32 32 32 32 32 32 32 32 32 32 32 32 32 32 32 32 32 32 32 32 32 32 32 32 32 32 42 32 32 42 32 32 42 32 32 42 32 32 42 32 32 42 32 
6
0 3 6 6 9 6 3 6 6 9 9 9 15 15 12 12 12 15 15 15 15 12 15 15 2 3 4 5 6 7 
1
6 12 
42 32 32 42 32 32 42 32 32 42 32 32 42 32 32 42 32 32 32 32 32 32 32 32 32 32 32 32 32 32 32 32 32 32 32 32 32 32 32 32 32 32 32 32 32 32 32 32 32 32 32 42 32 32 42 32 32 42 32 32 42 32 32 42 32 32 42 32 32 32 32 32 32 32 32 32 32 32 32 32 32 32 32 32 32 32 32 32 32 32 32 32 32 32 32 32 32 32 32 32 32 32 42 32 32 42 32 32 42 32 32 42 32 32 42 32 32 42 60 32 32 32 32 32 32 32 32 32 32 32 32 32 32 32 32 32 32 32 32 32 32 32 32 32 32 32 32 32 32 32 32 32 32 42 32 32 42 32 32 42 32 32 42 32 32 42 32 32 42 32 32 32 32 32 32 32 32 32 32 32 32 32 32 32 32 32 32 32 32 32 32 32 32 32 32 32 32 32 32 32 32 32 32 32 42 32 32 42 32 32 42 32 32 42 32 32 42 32 32 42 32 32 32 32 32 32 32 32 32 32 32 32 32 32 32 32 32 32 32 32 32 32 32 32 32 32 32 32 32 32 32 32 32 32 32 42 32 32 42 32 32 42 32 32 42 32 32 42 32 32 42 32 
2 
16
6
0
1
25192
3
3
54
fggr
hghgrg